1	0	0	0
3
4	20	100	10	10
200
3	1	22	13	1	(17,2)
3	2	26	14	5	(9,9),(32,7),(58,4),(61,10),(85,8)
5	3	29	13	1	(4,10)
5	4	28	32	2	(14,3),(34,2)
5	5	22	16	10	(14,4),(20,2),(21,6),(32,4),(48,4),(64,8),(66,4),(68,9),(69,9),(89,7)
5	6	20	16	0	
6	7	15	13	6	(11,4),(14,9),(28,3),(42,1),(50,9),(63,4)
7	8	27	26	2	(7,10),(15,1)
7	9	16	16	0	
9	10	9	18	10	(5,8),(8,4),(11,9),(18,3),(22,6),(29,4),(29,3),(33,1),(34,3),(38,3)
9	11	22	15	6	(20,3),(29,3),(38,4),(47,2),(63,7),(84,3)
10	12	12	21	6	(6,9),(14,1),(23,3),(32,10),(38,5),(44,5)
12	13	18	27	7	(14,3),(14,7),(23,1),(35,8),(47,10),(64,10),(67,10)
12	14	7	17	1	(7,7)
13	15	18	28	7	(8,2),(8,5),(11,1),(19,10),(34,5),(50,8),(55,1)
13	16	18	28	0	
13	17	28	35	4	(19,9),(29,2),(57,7),(77,3)
14	18	11	20	7	(10,3),(10,7),(13,6),(20,6),(25,6),(28,1),(36,3)
14	19	22	36	4	(1,5),(21,9),(26,3),(28,5)
14	20	24	33	3	(1,9),(2,3),(20,10)
15	21	16	20	8	(14,2),(22,2),(25,3),(39,4),(51,5),(63,5),(72,7),(77,10)
17	22	27	39	4	(14,8),(35,2),(56,10),(62,3)
17	23	13	29	7	(12,2),(12,3),(16,8),(21,9),(32,10),(39,1),(52,9)
19	24	5	24	10	(0,1),(1,4),(6,4),(11,7),(13,8),(16,4),(16,10),(21,8),(23,9),(27,6)
19	25	30	26	1	(25,1)
20	26	24	39	2	(0,10),(15,1)
22	27	30	42	0	
22	28	17	28	7	(6,3),(21,10),(28,6),(28,9),(31,5),(40,7),(47,10)
22	29	10	29	1	(2,6)
23	30	22	44	10	(8,1),(24,2),(30,9),(36,1),(36,8),(46,5),(58,6),(76,10),(94,1),(95,1)
24	31	17	31	0	
24	32	16	33	10	(11,7),(16,5),(30,9),(30,1),(38,2),(51,6),(64,4),(67,5),(69,10),(72,6)
26	33	15	32	5	(10,7),(23,5),(34,8),(42,8),(53,8)
26	34	9	31	0	
28	35	30	48	1	(11,6)
30	36	27	50	7	(9,3),(35,8),(54,4),(64,10),(90,9),(110,8),(113,1)
31	37	29	44	10	(19,7),(48,2),(61,4),(66,2),(82,10),(86,1),(93,4),(118,5),(133,5),(161,1)
31	38	30	59	9	(12,7),(21,9),(28,6),(28,3),(43,2),(50,9),(52,7),(63,8),(78,4)
31	39	23	50	2	(22,10),(24,2)
33	40	14	45	3	(3,9),(8,5),(10,9)
35	41	12	43	5	(9,1),(16,4),(17,7),(18,5),(30,7)
36	42	12	44	3	(5,5),(8,8),(14,3)
38	43	29	64	5	(20,1),(43,7),(71,2),(77,5),(86,5)
40	44	9	47	7	(8,7),(17,3),(21,10),(21,4),(22,1),(24,5),(31,1)
40	45	22	58	9	(7,2),(11,10),(15,8),(28,1),(36,4),(43,8),(46,8),(46,3),(49,8)
40	46	25	59	6	(19,7),(37,7),(48,8),(73,5),(89,1),(90,5)
42	47	7	49	7	(5,9),(12,6),(16,8),(16,9),(16,8),(16,4),(21,3)
43	48	15	52	10	(6,8),(12,10),(15,5),(17,4),(22,6),(37,6),(38,5),(43,4),(50,7),(53,2)
44	49	14	53	4	(1,4),(10,5),(17,1),(18,7)
46	50	11	55	6	(0,7),(8,10),(11,6),(16,2),(20,7),(30,4)
48	51	10	56	5	(2,8),(10,8),(17,6),(20,5),(22,1)
50	52	29	75	6	(21,7),(32,8),(36,7),(61,6),(70,6),(96,5)
50	53	23	73	2	(18,8),(33,10)
50	54	7	57	0	
50	55	7	55	7	(4,3),(4,5),(8,6),(11,5),(15,10),(15,9),(22,6)
51	56	20	70	6	(16,6),(35,4),(47,6),(67,3),(77,5),(97,6)
53	57	10	58	3	(4,3),(11,9),(18,5)
54	58	9	61	8	(2,3),(4,3),(13,3),(17,3),(25,8),(33,4),(37,2),(44,8)
54	59	10	64	0	
54	60	7	61	4	(2,1),(6,6),(8,10),(13,1)
55	61	21	75	10	(9,10),(16,3),(19,7),(38,8),(45,10),(47,3),(60,4),(64,9),(64,8),(84,6)
55	62	26	79	9	(2,3),(9,4),(20,10),(23,5),(37,4),(44,9),(59,2),(73,5),(73,9)
56	63	20	70	8	(0,8),(4,7),(9,7),(28,5),(46,9),(47,3),(64,9),(64,1)
56	64	5	61	7	(4,3),(6,4),(8,3),(13,6),(18,10),(23,3),(28,8)
58	65	25	82	7	(5,10),(16,9),(32,4),(51,9),(59,4),(67,7),(85,4)
58	66	5	63	4	(1,7),(2,5),(2,3),(2,9)
58	67	6	64	1	(0,3)
60	68	6	66	10	(6,9),(11,4),(14,2),(20,10),(21,1),(21,10),(26,4),(32,1),(32,8),(38,1)
62	69	28	86	2	(15,5),(38,7)
62	70	7	67	2	(1,4),(5,3)
63	71	8	71	1	(2,1)
64	72	9	73	4	(8,9),(17,9),(18,7),(22,7)
64	73	22	69	5	(20,3),(27,10),(32,10),(38,6),(54,3)
66	74	23	84	9	(15,3),(21,7),(30,10),(34,8),(53,9),(74,6),(97,8),(97,8),(103,4)
66	75	26	73	9	(17,1),(41,4),(48,2),(51,3),(60,3),(76,5),(93,2),(107,4),(119,4)
66	76	19	84	1	(7,9)
67	77	11	75	3	(2,6),(9,1),(11,3)
68	78	27	77	10	(9,5),(13,8),(36,2),(57,9),(70,6),(72,7),(73,5),(73,3),(94,8),(115,3)
70	79	10	80	7	(0,6),(9,7),(17,5),(24,4),(25,2),(29,2),(29,4)
72	80	25	78	10	(14,5),(24,1),(24,8),(43,10),(50,6),(66,1),(85,7),(104,3),(120,9),(138,6)
74	81	22	84	2	(20,9),(32,5)
76	82	21	90	7	(13,10),(23,2),(35,1),(51,10),(69,7),(86,9),(90,7)
76	83	5	81	5	(1,2),(2,5),(5,3),(8,4),(9,1)
78	84	12	88	4	(5,3),(14,9),(16,10),(23,5)
80	85	5	85	5	(3,7),(7,4),(7,5),(11,2),(14,9)
81	86	7	86	7	(5,3),(11,7),(15,9),(17,1),(24,6),(28,2),(35,8)
81	87	5	86	3	(4,8),(5,5),(7,9)
82	88	6	87	6	(3,9),(3,7),(3,6),(8,2),(14,6),(14,9)
83	89	18	93	2	(9,8),(22,9)
83	90	14	89	9	(1,7),(14,10),(27,1),(27,7),(31,1),(43,5),(49,10),(54,3),(58,10)
84	91	12	95	6	(9,7),(9,2),(15,4),(15,7),(16,4),(25,5)
85	92	11	94	1	(6,4)
85	93	20	97	3	(10,8),(18,7),(18,2)
85	94	17	90	1	(11,1)
85	95	13	94	3	(3,5),(16,4),(18,4)
86	96	20	97	6	(2,8),(2,6),(9,9),(28,7),(34,2),(36,8)
87	97	29	107	10	(17,10),(22,7),(35,3),(56,8),(73,10),(93,2),(108,5),(128,3),(148,6),(155,9)
88	98	26	108	4	(22,9),(43,1),(50,5),(72,6)
88	99	28	94	1	(4,1)
89	100	19	103	2	(0,9),(1,1)
90	101	15	104	5	(4,5),(5,3),(11,9),(15,1),(21,3)
92	102	10	98	8	(7,3),(16,4),(25,9),(25,6),(29,8),(33,7),(34,7),(39,8)
94	103	5	99	0	
95	104	18	108	5	(1,4),(14,3),(15,7),(15,6),(19,3)
97	105	25	106	2	(8,7),(30,6)
99	106	23	121	2	(16,9),(19,2)
100	107	21	106	5	(9,3),(10,6),(20,2),(29,6),(29,10)
102	108	22	111	2	(5,4),(12,6)
103	109	29	116	0	
104	110	15	112	8	(15,3),(25,10),(38,6),(53,8),(64,5),(72,6),(79,1),(82,2)
104	111	25	119	10	(25,1),(49,5),(57,7),(75,5),(93,5),(107,1),(129,9),(151,6),(171,7),(174,1)
106	112	27	117	4	(5,7),(16,2),(42,3),(55,3)
107	113	7	114	4	(1,7),(8,8),(8,2),(13,6)
107	114	20	122	6	(6,3),(13,3),(16,8),(33,10),(44,7),(56,5)
108	115	18	115	4	(14,5),(16,3),(16,9),(20,4)
109	116	6	114	8	(4,8),(8,2),(14,4),(14,10),(14,9),(14,5),(16,9),(18,7)
110	117	15	117	5	(6,1),(19,3),(31,1),(40,4),(52,2)
112	118	29	120	6	(9,5),(26,3),(45,1),(45,9),(63,1),(70,4)
113	119	7	120	6	(6,6),(12,10),(16,10),(16,9),(16,9),(21,10)
115	120	5	120	5	(5,5),(10,4),(13,4),(14,6),(14,1)
117	121	26	139	7	(10,4),(29,5),(43,1),(50,9),(59,3),(59,5),(67,1)
117	122	26	143	10	(19,9),(42,3),(49,5),(73,1),(89,1),(112,6),(119,4),(126,10),(145,8),(165,3)
119	123	11	128	3	(5,7),(7,9),(18,5)
119	124	21	134	10	(6,10),(18,6),(18,2),(20,9),(24,8),(45,10),(61,8),(70,3),(81,4),(102,6)
120	125	15	128	4	(7,10),(22,5),(32,3),(46,3)
122	126	20	137	7	(13,1),(14,8),(21,7),(28,6),(32,8),(45,10),(47,1)
124	127	22	133	7	(15,9),(26,8),(31,6),(53,8),(70,6),(92,6),(108,6)
125	128	29	148	4	(11,4),(20,2),(41,3),(70,9)
125	129	30	140	4	(28,10),(30,2),(32,10),(56,5)
126	130	8	134	1	(2,2)
128	131	5	133	4	(0,2),(0,7),(2,4),(4,10)
130	132	11	135	6	(1,6),(1,3),(5,9),(9,2),(13,5),(18,2)
130	133	14	140	3	(5,2),(19,9),(33,6)
132	134	8	140	2	(3,10),(8,5)
134	135	28	154	9	(23,10),(25,10),(39,9),(57,8),(79,7),(93,3),(112,7),(138,4),(151,2)
136	136	22	154	5	(9,6),(16,1),(20,8),(35,5),(44,6)
138	137	11	147	7	(5,6),(11,5),(18,3),(28,9),(38,3),(41,1),(44,7)
138	138	18	154	4	(12,5),(13,7),(28,10),(35,10)
138	139	21	156	10	(20,1),(41,1),(43,2),(61,4),(70,10),(72,8),(91,3),(92,8),(99,2),(104,6)
138	140	17	155	0	
138	141	19	143	3	(12,9),(12,9),(15,2)
138	142	12	149	0	
138	143	12	150	2	(9,1),(9,4)
138	144	11	143	10	(8,1),(8,9),(14,7),(22,3),(24,5),(32,2),(38,6),(43,8),(47,3),(51,2)
139	145	23	162	6	(1,3),(10,10),(16,5),(27,6),(44,6),(44,6)
140	146	25	163	2	(17,6),(35,10)
142	147	30	155	10	(28,4),(47,6),(75,2),(78,6),(87,5),(91,4),(104,9),(133,1),(134,5),(162,5)
142	148	17	148	0	
144	149	9	151	6	(8,2),(16,7),(19,2),(24,9),(25,1),(27,2)
145	150	12	155	2	(5,7),(7,3)
147	151	25	168	2	(11,2),(32,2)
147	152	22	158	5	(7,10),(15,3),(17,7),(24,3),(28,4)
148	153	14	159	0	
150	154	25	169	10	(1,10),(11,10),(20,5),(31,6),(42,8),(53,4),(56,9),(63,4),(82,6),(100,10)
152	155	19	163	2	(1,1),(3,4)
154	156	11	163	2	(3,9),(10,2)
154	157	21	172	4	(14,5),(29,9),(34,9),(40,9)
156	158	9	161	2	(1,3),(3,10)
156	159	24	166	3	(3,4),(9,5),(29,10)
157	160	12	164	10	(9,8),(21,2),(29,5),(33,1),(33,10),(36,9),(42,7),(54,7),(60,7),(69,6)
159	161	5	164	4	(5,10),(5,6),(7,5),(11,4)
161	162	7	167	1	(6,2)
163	163	8	171	10	(3,9),(9,1),(10,9),(12,1),(12,2),(19,5),(25,9),(28,10),(35,8),(39,4)
165	164	13	172	8	(1,7),(2,4),(11,9),(20,5),(27,3),(32,1),(32,8),(42,1)
165	165	28	178	9	(2,2),(8,1),(30,1),(31,9),(51,10),(61,6),(88,10),(103,10),(109,2)
166	166	27	176	0	
166	167	12	178	6	(7,10),(15,9),(18,8),(18,4),(29,9),(39,2)
168	168	30	173	1	(9,1)
170	169	19	182	4	(19,1),(23,6),(33,8),(39,6)
170	170	7	177	2	(6,5),(13,7)
170	171	26	194	1	(3,4)
172	172	18	181	2	(1,6),(1,10)
173	173	25	191	5	(10,5),(18,1),(43,9),(68,3),(88,5)
175	174	10	184	3	(8,7),(9,4),(19,5)
177	175	29	183	9	(8,8),(28,1),(52,3),(68,3),(75,10),(98,1),(108,10),(130,10),(153,1)
179	176	20	187	6	(20,2),(34,6),(45,9),(60,6),(63,4),(65,1)
180	177	22	192	6	(0,1),(15,3),(25,2),(33,8),(55,4),(60,10)
180	178	11	187	5	(2,2),(8,10),(17,10),(26,6),(31,7)
182	179	27	194	9	(17,4),(39,8),(54,8),(62,7),(63,4),(73,10),(90,9),(91,6),(100,1)
183	180	7	189	5	(5,6),(11,3),(17,10),(19,5),(25,8)
185	181	20	195	6	(10,9),(25,8),(31,3),(35,6),(55,7),(75,4)
185	182	27	212	6	(2,8),(23,3),(26,6),(50,10),(72,3),(73,7)
186	183	7	192	7	(3,10),(6,7),(8,4),(15,10),(17,9),(19,1),(25,6)
186	184	23	200	4	(12,7),(16,1),(36,3),(53,4)
187	185	5	192	1	(2,10)
189	186	20	194	4	(0,6),(1,4),(4,6),(16,1)
189	187	24	213	5	(21,10),(39,7),(43,10),(58,2),(70,7)
190	188	23	207	6	(10,10),(31,1),(42,7),(52,7),(65,8),(83,5)
192	189	21	208	4	(5,8),(12,4),(31,2),(48,3)
193	190	29	209	2	(3,9),(22,3)
193	191	26	201	6	(23,6),(47,5),(69,6),(89,3),(111,4),(132,1)
193	192	7	199	3	(4,1),(7,2),(14,1)
194	193	18	202	1	(11,2)
194	194	16	203	1	(12,1)
194	195	13	199	8	(10,10),(21,4),(33,5),(34,9),(39,9),(40,10),(47,5),(50,2)
196	196	29	214	2	(7,8),(31,5)
198	197	20	210	4	(9,5),(25,8),(40,6),(45,4)
198	198	30	204	1	(26,10)
198	199	24	205	7	(5,5),(16,4),(32,9),(34,3),(58,8),(58,9),(74,7)
199	200	18	215	0	
13	32
27	4
43	107
55	112
62	61
78	140
97	52
100	191
117	79
132	64
134	113
136	103
149	66
157	142
159	161
160	198
167	141
186	173
195	144
