5	4	2
3
4	20	100	10
30
4	1	264	4	(95,14),(96,17),(180,8),(105,18)
9	2	138	5	(68,14),(126,9),(108,10),(118,14),(59,13)
13	3	20	1	(13,9)
13	4	123	5	(84,6),(90,5),(45,10),(54,8),(21,17)
20	5	116	3	(114,17),(24,15),(94,16)
22	6	107	4	(32,18),(6,20),(95,6),(81,7)
26	7	166	2	(23,8),(17,16)
28	8	102	2	(40,15),(95,14)
28	9	226	0	
30	10	203	2	(120,20),(155,13)
37	11	299	10	(104,6),(33,15),(43,19),(185,14),(42,19),(111,14),(278,11),(38,17),(145,15),(160,19)
39	12	125	9	(125,8),(106,11),(83,14),(91,10),(49,5),(65,8),(22,19),(10,18),(101,12)
40	13	207	7	(74,9),(53,6),(190,6),(43,13),(20,18),(89,15),(1,17)
43	14	59	3	(10,13),(58,10),(45,7)
48	15	204	0	
55	16	46	9	(1,20),(3,12),(32,11),(11,8),(34,12),(34,7),(23,7),(37,5),(19,7)
56	17	52	6	(17,5),(50,17),(41,12),(31,20),(22,7),(37,15)
61	18	81	7	(76,16),(72,9),(27,14),(40,16),(27,18),(46,11),(41,15)
67	19	40	3	(19,6),(39,5),(28,17)
68	20	203	8	(87,9),(26,7),(148,8),(192,13),(1,15),(87,9),(146,17),(154,18)
75	21	253	8	(222,16),(81,14),(148,7),(133,7),(245,13),(54,5),(215,5),(166,20)
82	22	228	0	
85	23	204	6	(156,11),(22,19),(124,18),(24,6),(55,14),(0,13)
90	24	88	5	(63,5),(51,6),(33,16),(33,14),(87,8)
97	25	230	10	(63,5),(166,10),(12,6),(229,19),(58,6),(129,19),(163,9),(230,9),(11,17),(56,7)
102	26	277	10	(253,11),(170,12),(168,9),(112,11),(230,7),(72,16),(57,17),(6,5),(77,15),(16,7)
109	27	125	2	(117,15),(36,16)
115	28	127	9	(81,15),(23,11),(64,20),(63,17),(82,17),(46,11),(120,9),(14,12),(36,12)
122	29	44	4	(19,20),(4,16),(33,5),(44,20)
127	30	16	1	(9,14)
1	17
9	11
10	21
13	26
20	30
29	2
35	6
36	3
43	24
45	16
56	15
56	4
57	5
59	20
66	25
78	8
85	23
95	22
106	13
110	9
121	19
121	28
