1	1	1	1
3
100	20	100	2	10
500
1	1	48	21	8	(35,1),(44,1),(74,2),(114,2),(129,2),(175,1),(200,1),(236,2)
7	2	155	154	0	
13	3	179	76	0	
19	4	209	109	8	(149,1),(295,1),(329,1),(425,1),(597,1),(672,1),(849,1),(1013,2)
23	5	114	82	8	(53,1),(158,1),(169,2),(249,2),(356,1),(470,2),(472,2),(548,1)
28	6	41	45	9	(2,2),(33,1),(69,1),(69,2),(95,1),(108,1),(110,2),(115,1),(126,1)
29	7	124	143	4	(89,2),(95,1),(161,2),(195,1)
29	8	140	60	6	(77,1),(191,1),(323,1),(405,1),(425,1),(524,2)
32	9	236	153	3	(42,2),(49,2),(148,1)
34	10	122	96	4	(66,1),(111,1),(114,1),(233,1)
35	11	172	88	9	(85,1),(135,1),(165,1),(211,1),(372,1),(472,2),(630,2),(765,2),(889,1)
35	12	288	153	9	(166,1),(201,2),(411,1),(436,1),(641,1),(655,2),(674,1),(784,2),(1049,1)
38	13	120	153	6	(117,2),(203,2),(283,2),(301,2),(308,1),(424,1)
39	14	168	180	10	(132,2),(201,2),(309,2),(338,1),(460,2),(610,1),(640,1),(695,1),(781,2),(809,1)
41	15	216	247	1	(78,1)
44	16	36	60	1	(17,1)
47	17	69	79	3	(9,2),(55,2),(100,1)
47	18	16	58	9	(5,1),(16,2),(17,2),(20,2),(33,2),(34,1),(46,1),(48,1),(50,2)
53	19	183	82	1	(10,2)
55	20	244	288	7	(155,1),(295,2),(350,2),(462,1),(684,1),(701,2),(908,2)
55	21	30	67	9	(12,2),(36,2),(46,2),(47,2),(63,2),(71,1),(100,2),(108,1),(131,2)
61	22	50	89	5	(14,2),(47,2),(59,1),(100,2),(113,2)
66	23	118	134	3	(59,1),(70,2),(70,1)
73	24	279	199	8	(67,2),(241,1),(335,1),(532,1),(759,1),(1023,1),(1220,2),(1462,1)
76	25	161	98	8	(10,1),(102,1),(112,1),(138,2),(292,2),(292,2),(331,2),(469,1)
81	26	109	170	7	(58,1),(83,1),(133,2),(170,2),(234,1),(255,2),(322,1)
82	27	101	137	6	(67,2),(123,2),(182,1),(227,2),(236,1),(326,1)
84	28	198	170	6	(100,2),(261,1),(272,2),(299,2),(444,2),(498,1)
88	29	145	197	9	(141,1),(178,1),(261,2),(329,1),(368,1),(465,2),(528,1),(659,2),(715,1)
94	30	294	162	4	(74,2),(270,1),(326,2),(589,2)
94	31	242	233	5	(84,2),(211,2),(290,1),(462,2),(673,2)
101	32	80	116	2	(11,1),(88,1)
105	33	186	171	0	
109	34	89	175	9	(24,2),(50,1),(139,2),(225,1),(247,2),(298,2),(316,1),(402,2),(430,1)
112	35	74	124	4	(47,2),(55,1),(62,2),(96,1)
114	36	57	153	7	(55,1),(89,2),(121,1),(156,1),(180,2),(198,2),(240,1)
117	37	292	356	3	(195,2),(326,1),(346,2)
124	38	142	131	6	(1,2),(34,2),(72,1),(177,2),(245,1),(320,2)
125	39	271	291	9	(115,1),(235,2),(326,2),(543,1),(719,1),(778,2),(960,2),(984,2),(1245,2)
125	40	274	265	3	(273,1),(287,2),(466,1)
126	41	94	154	8	(94,2),(153,1),(211,1),(299,2),(338,1),(418,2),(502,1),(575,2)
128	42	121	216	7	(109,1),(116,1),(131,1),(218,2),(321,1),(368,2),(449,2)
135	43	63	184	3	(23,1),(23,2),(42,1)
142	44	117	256	7	(17,2),(63,2),(164,1),(240,2),(351,1),(438,1),(477,2)
147	45	269	261	2	(25,1),(89,2)
154	46	159	196	8	(87,1),(120,1),(211,1),(247,1),(369,2),(479,1),(605,1),(738,1)
158	47	177	283	0	
160	48	176	222	2	(15,2),(88,1)
160	49	151	277	1	(78,2)
166	50	97	188	2	(1,1),(22,1)
173	51	216	206	6	(48,2),(192,2),(323,2),(411,2),(454,2),(608,1)
180	52	139	199	3	(65,2),(145,1),(159,2)
181	53	191	311	4	(45,1),(153,2),(156,2),(166,1)
186	54	50	229	4	(45,2),(70,1),(92,1),(92,2)
188	55	243	395	1	(0,1)
194	56	144	225	9	(49,2),(108,1),(228,1),(335,1),(349,1),(449,1),(554,1),(665,2),(779,2)
198	57	201	288	6	(120,2),(281,1),(482,2),(483,2),(495,1),(521,1)
200	58	122	320	6	(26,1),(134,2),(168,1),(259,1),(322,1),(395,1)
204	59	156	311	0	
206	60	137	323	8	(33,1),(81,2),(141,2),(217,2),(313,2),(337,1),(349,2),(457,1)
208	61	92	234	2	(57,1),(87,2)
210	62	231	375	10	(135,2),(236,2),(428,2),(576,2),(597,1),(653,2),(867,2),(1093,2),(1123,2),(1302,2)
213	63	256	226	5	(54,1),(258,1),(494,2),(598,1),(628,1)
214	64	214	306	6	(153,2),(312,2),(344,2),(394,2),(475,1),(524,1)
221	65	128	235	5	(77,1),(86,1),(209,2),(238,2),(320,2)
227	66	140	360	6	(83,2),(169,1),(191,2),(198,2),(247,1),(303,2)
232	67	88	276	5	(0,1),(71,2),(148,1),(161,1),(171,1)
234	68	166	317	6	(68,2),(146,1),(272,1),(290,1),(443,2),(568,2)
237	69	238	449	2	(115,1),(263,1)
241	70	177	371	4	(165,1),(275,1),(402,2),(538,1)
244	71	249	455	9	(143,1),(169,2),(225,2),(394,2),(630,1),(820,2),(1053,1),(1190,2),(1412,1)
251	72	255	455	3	(178,2),(286,1),(429,1)
254	73	200	384	3	(172,2),(357,1),(438,1)
259	74	119	359	9	(79,1),(135,2),(245,1),(349,1),(456,1),(570,1),(686,1),(782,1),(901,2)
266	75	251	464	2	(177,1),(428,1)
267	76	240	324	6	(113,2),(262,1),(276,2),(387,2),(415,2),(606,1)
269	77	56	283	3	(4,2),(24,2),(80,1)
269	78	162	275	1	(158,1)
276	79	155	330	0	
276	80	132	281	2	(125,2),(217,2)
281	81	216	447	4	(196,1),(309,2),(373,1),(554,1)
282	82	194	457	3	(57,2),(154,1),(276,2)
289	83	238	327	0	
290	84	205	433	5	(200,2),(222,1),(383,2),(458,1),(490,2)
293	85	52	334	6	(31,1),(31,2),(51,2),(51,1),(92,2),(100,2)
299	86	150	362	0	
303	87	105	351	0	
310	88	15	323	0	
310	89	275	565	4	(269,2),(367,1),(572,2),(588,2)
313	90	14	327	9	(2,2),(11,1),(14,2),(17,1),(23,2),(35,1),(45,1),(46,2),(56,2)
318	91	213	452	4	(128,1),(263,2),(433,2),(437,2)
323	92	196	391	0	
328	93	148	437	4	(51,1),(104,1),(184,1),(320,1)
331	94	20	346	6	(9,2),(29,2),(45,2),(53,1),(53,2),(70,1)
335	95	23	342	5	(21,2),(24,2),(26,2),(29,2),(45,2)
342	96	62	354	2	(41,1),(60,2)
347	97	252	542	4	(109,1),(224,1),(264,1),(295,2)
354	98	118	429	7	(81,1),(119,1),(207,2),(243,2),(335,2),(451,1),(514,2)
357	99	280	600	6	(159,2),(243,2),(318,1),(589,1),(815,2),(907,1)
359	100	67	378	5	(16,2),(32,1),(43,2),(72,2),(76,1)
361	101	37	398	6	(12,2),(12,2),(16,2),(51,2),(57,2),(90,1)
368	102	154	463	5	(19,2),(141,1),(209,2),(279,2),(375,1)
368	103	172	413	9	(151,2),(173,1),(276,1),(314,1),(473,1),(501,1),(607,1),(662,2),(811,1)
372	104	30	392	1	(8,1)
374	105	123	395	7	(116,1),(170,2),(238,1),(250,2),(330,1),(429,2),(443,2)
375	106	166	400	5	(18,1),(45,2),(87,1),(199,1),(200,1)
378	107	215	576	2	(104,1),(114,2)
384	108	178	412	5	(14,1),(163,2),(324,1),(499,1),(508,1)
385	109	89	445	9	(33,2),(37,2),(105,2),(127,2),(163,2),(214,1),(270,2),(322,1),(393,1)
386	110	157	453	4	(31,1),(74,1),(212,1),(292,2)
391	111	125	450	5	(39,1),(68,1),(171,2),(172,1),(288,2)
394	112	178	490	8	(52,2),(157,2),(298,1),(366,1),(413,2),(531,1),(546,2),(715,1)
395	113	55	420	6	(55,2),(55,1),(77,1),(122,1),(169,1),(194,2)
396	114	164	519	8	(11,1),(124,1),(186,1),(188,2),(257,2),(367,2),(404,1),(548,1)
396	115	258	541	1	(225,2)
399	116	127	446	2	(23,1),(40,2)
399	117	127	486	5	(114,2),(208,1),(213,1),(322,2),(381,2)
405	118	91	468	8	(72,1),(110,2),(182,2),(194,1),(274,2),(312,1),(385,2),(429,1)
407	119	273	498	3	(163,1),(413,1),(435,1)
411	120	188	508	9	(114,1),(136,2),(210,1),(255,1),(389,2),(538,2),(541,2),(541,1),(715,2)
413	121	140	438	10	(138,2),(151,2),(185,2),(293,2),(339,1),(437,1),(465,2),(511,1),(579,1),(620,1)
415	122	92	469	8	(48,2),(97,1),(115,2),(190,2),(275,2),(331,2),(380,1),(410,1)
418	123	30	445	9	(25,2),(49,2),(50,1),(73,2),(89,2),(94,1),(112,1),(134,1),(147,2)
421	124	64	469	0	
428	125	295	657	3	(274,2),(448,2),(588,2)
432	126	220	536	4	(135,1),(148,1),(330,2),(496,1)
434	127	87	489	4	(8,1),(71,1),(74,2),(105,1)
438	128	104	525	2	(17,1),(42,2)
441	129	300	703	1	(239,2)
447	130	92	456	4	(91,2),(131,1),(136,1),(213,1)
447	131	65	510	4	(27,1),(54,1),(79,2),(100,1)
454	132	182	529	2	(58,2),(183,2)
456	133	189	568	1	(75,1)
459	134	36	487	1	(20,1)
462	135	291	545	4	(67,2),(68,1),(320,1),(345,2)
465	136	120	578	5	(119,1),(133,1),(222,2),(329,2),(420,1)
472	137	33	477	3	(7,2),(13,1),(17,2)
476	138	10	481	6	(7,2),(11,1),(15,1),(22,1),(26,1),(30,1)
480	139	90	557	4	(37,2),(61,2),(145,2),(222,1)
486	140	31	514	6	(8,2),(24,1),(32,1),(57,1),(65,2),(79,1)
493	141	24	516	1	(20,1)
497	142	262	618	4	(53,2),(314,1),(521,1),(591,1)
501	143	115	542	8	(33,1),(116,2),(196,2),(253,2),(268,2),(268,2),(349,2),(350,1)
508	144	81	515	1	(20,2)
511	145	58	517	0	
515	146	232	707	10	(203,1),(232,2),(253,1),(450,2),(618,1),(752,1),(866,1),(1088,2),(1097,1),(1297,1)
518	147	22	540	8	(21,2),(43,1),(54,1),(64,1),(68,1),(86,2),(105,2),(120,2)
523	148	286	768	7	(236,1),(375,2),(539,1),(757,2),(1001,1),(1014,1),(1278,2)
525	149	171	657	3	(146,2),(272,1),(338,2)
530	150	132	595	10	(48,1),(139,2),(201,2),(320,2),(439,2),(468,1),(474,2),(599,2),(709,1),(768,2)
534	151	120	577	5	(57,2),(150,2),(153,1),(194,2),(204,2)
536	152	114	599	10	(77,1),(169,2),(176,1),(248,1),(336,2),(394,1),(496,1),(577,2),(658,1),(745,2)
541	153	185	673	10	(3,2),(63,1),(149,1),(265,1),(359,2),(424,2),(498,2),(574,2),(691,2),(795,1)
546	154	153	653	2	(27,2),(140,1)
551	155	169	602	6	(122,1),(263,1),(391,2),(492,2),(597,2),(598,2)
551	156	167	556	9	(7,2),(116,2),(210,2),(272,2),(328,1),(370,2),(476,1),(535,2),(613,1)
554	157	44	572	6	(15,2),(15,2),(44,1),(55,1),(94,1),(124,1)
558	158	41	572	1	(5,1)
560	159	113	593	3	(35,1),(67,2),(135,1)
560	160	144	617	2	(116,1),(154,2)
565	161	193	577	5	(184,1),(216,1),(251,1),(268,2),(444,1)
566	162	121	629	10	(110,1),(142,2),(204,2),(211,1),(256,2),(296,1),(355,2),(457,2),(538,1),(581,1)
566	163	180	688	6	(145,2),(240,1),(352,2),(486,1),(663,1),(827,2)
566	164	174	656	1	(5,1)
568	165	132	600	3	(106,1),(229,1),(236,1)
572	166	69	621	6	(56,2),(122,1),(153,2),(161,2),(193,1),(253,1)
579	167	146	607	6	(133,1),(195,2),(278,1),(365,1),(405,2),(446,2)
585	168	63	617	4	(19,2),(74,2),(74,2),(137,2)
590	169	74	654	6	(47,2),(48,1),(120,1),(144,1),(214,1),(286,1)
595	170	182	639	2	(33,2),(51,1)
598	171	199	677	1	(75,1)
605	172	173	643	6	(21,2),(95,2),(266,1),(395,1),(457,2),(522,2)
608	173	229	832	2	(70,1),(285,2)
615	174	178	656	2	(28,1),(200,1)
621	175	52	667	9	(42,2),(67,1),(106,2),(145,1),(165,1),(217,1),(232,1),(275,2),(312,2)
621	176	234	723	6	(53,1),(88,2),(97,2),(311,1),(339,1),(546,2)
621	177	139	654	6	(29,1),(123,2),(181,1),(317,1),(429,1),(557,1)
628	178	27	633	5	(15,2),(18,1),(37,1),(54,1),(54,1)
630	179	150	693	3	(97,2),(185,1),(270,1)
631	180	98	707	0	
638	181	156	653	6	(52,2),(59,2),(204,2),(278,2),(337,1),(453,1)
642	182	10	648	7	(10,2),(16,1),(23,1),(30,2),(35,1),(35,2),(42,2)
643	183	254	699	10	(182,2),(204,2),(265,2),(416,2),(467,1),(629,1),(781,2),(1014,1),(1035,1),(1082,2)
644	184	204	845	2	(123,1),(276,2)
649	185	225	684	9	(178,1),(346,2),(489,1),(579,1),(756,2),(797,2),(884,2),(1106,2),(1222,2)
656	186	221	869	9	(42,1),(211,2),(260,1),(451,2),(563,2),(644,2),(677,1),(823,2),(912,2)
659	187	198	686	5	(93,1),(206,1),(238,2),(249,2),(418,2)
661	188	192	714	2	(107,1),(257,1)
661	189	268	683	10	(11,1),(94,2),(301,1),(495,1),(666,2),(902,1),(906,2),(1128,1),(1225,2),(1385,1)
663	190	205	840	0	
663	191	107	744	6	(58,2),(67,1),(119,2),(202,2),(225,1),(263,1)
664	192	117	759	0	
665	193	42	675	3	(16,1),(19,2),(33,2)
667	194	242	672	0	
669	195	70	707	9	(27,2),(95,2),(115,2),(120,2),(154,1),(213,2),(234,1),(244,2),(305,2)
669	196	22	676	7	(14,2),(25,2),(29,2),(36,2),(36,2),(55,1),(70,2)
672	197	129	741	7	(69,2),(87,2),(92,1),(218,2),(235,2),(333,1),(445,2)
677	198	80	686	9	(26,1),(106,1),(185,2),(250,2),(256,1),(293,1),(301,2),(324,2),(381,1)
684	199	75	748	1	(3,2)
688	200	171	824	1	(7,1)
690	201	74	758	5	(68,2),(81,2),(142,2),(164,1),(234,2)
690	202	83	737	1	(6,2)
697	203	209	751	10	(161,2),(318,2),(514,1),(630,2),(769,1),(970,1),(1179,2),(1326,1),(1482,2),(1657,1)
702	204	257	842	10	(130,2),(158,2),(298,2),(511,1),(685,2),(770,1),(956,1),(1016,1),(1217,1),(1255,1)
703	205	209	819	9	(172,1),(195,2),(304,2),(370,2),(404,2),(540,2),(646,2),(708,2),(729,2)
709	206	299	901	0	
714	207	106	731	0	
720	208	149	853	8	(61,2),(194,1),(258,1),(390,2),(515,2),(554,1),(581,1),(711,1)
720	209	288	1006	10	(63,1),(137,2),(222,2),(395,1),(576,1),(647,1),(713,1),(763,1),(1026,2),(1054,2)
723	210	113	833	3	(25,2),(130,2),(152,1)
727	211	295	819	7	(271,2),(315,2),(445,1),(703,2),(803,1),(1070,2),(1102,1)
734	212	68	791	2	(59,2),(97,2)
735	213	275	778	7	(81,1),(119,1),(294,2),(557,1),(710,2),(940,1),(1107,2)
738	214	169	802	3	(84,1),(87,1),(122,2)
743	215	251	921	1	(107,1)
747	216	247	833	3	(126,1),(249,1),(379,2)
750	217	33	757	2	(4,2),(22,1)
753	218	200	890	4	(125,2),(135,1),(299,1),(300,1)
754	219	154	789	3	(54,1),(147,2),(173,2)
759	220	296	806	8	(9,2),(240,2),(401,1),(649,1),(739,2),(862,1),(947,1),(1184,2)
762	221	18	776	7	(8,2),(20,1),(25,1),(40,2),(42,1),(42,2),(43,2)
767	222	269	878	9	(148,1),(165,2),(322,1),(366,2),(551,2),(653,1),(814,2),(1082,2),(1212,1)
769	223	114	879	8	(60,2),(64,2),(151,1),(260,1),(284,2),(295,1),(317,2),(383,2)
772	224	280	882	1	(13,1)
779	225	15	787	3	(8,1),(23,1),(24,2)
783	226	270	791	10	(11,1),(53,1),(96,2),(322,2),(520,1),(645,2),(754,1),(1001,2),(1208,1),(1258,1)
783	227	297	1056	8	(1,2),(6,2),(188,2),(221,1),(312,2),(470,2),(647,1),(788,1)
788	228	248	993	9	(125,2),(316,2),(453,2),(516,1),(657,1),(680,1),(901,1),(1086,2),(1217,2)
788	229	216	875	2	(159,2),(328,1)
792	230	232	960	10	(102,2),(259,1),(423,2),(562,2),(574,1),(602,1),(658,1),(868,2),(888,1),(1115,1)
796	231	113	830	6	(55,1),(153,2),(214,1),(272,2),(385,2),(462,2)
800	232	284	905	5	(31,2),(304,1),(380,2),(565,2),(762,1)
803	233	137	835	4	(57,2),(62,1),(160,1),(243,2)
809	234	175	852	7	(106,1),(146,1),(232,1),(395,1),(440,1),(572,2),(734,1)
812	235	83	859	0	
814	236	111	868	7	(51,1),(86,2),(93,1),(122,1),(148,1),(153,1),(248,2)
815	237	260	954	2	(10,1),(206,2)
819	238	296	869	10	(245,2),(355,2),(606,2),(871,1),(959,1),(1140,2),(1345,2),(1559,2),(1753,1),(1958,2)
819	239	118	851	5	(98,2),(202,2),(220,1),(304,1),(422,2)
823	240	20	838	2	(6,2),(20,1)
823	241	203	889	0	
823	242	244	961	1	(231,1)
823	243	260	847	4	(225,1),(409,1),(490,2),(631,1)
827	244	167	978	0	
830	245	265	949	5	(186,1),(251,2),(340,1),(551,2),(641,1)
837	246	16	843	2	(7,2),(7,1)
838	247	182	926	1	(1,1)
842	248	197	888	0	
846	249	144	852	0	
853	250	242	998	8	(125,1),(183,2),(237,1),(407,2),(419,1),(420,2),(532,1),(666,2)
856	251	63	908	10	(51,2),(101,1),(112,1),(158,2),(209,1),(229,1),(263,1),(307,2),(358,1),(378,2)
862	252	158	909	9	(84,2),(162,1),(276,1),(421,1),(425,2),(468,1),(581,2),(713,2),(723,2)
863	253	141	977	9	(11,1),(89,1),(136,2),(188,2),(279,2),(307,1),(336,1),(401,2),(468,2)
865	254	96	928	7	(87,1),(181,2),(261,1),(338,1),(392,2),(407,1),(486,2)
866	255	291	1005	10	(30,2),(275,2),(420,2),(420,1),(661,1),(910,1),(1026,1),(1242,2),(1418,1),(1454,1)
871	256	210	1015	2	(8,1),(23,2)
874	257	155	888	6	(74,1),(77,1),(187,1),(328,2),(456,1),(492,2)
880	258	208	933	4	(60,2),(118,2),(134,2),(332,2)
882	259	33	892	6	(16,1),(49,1),(64,2),(70,2),(93,1),(105,2)
885	260	162	942	5	(69,1),(117,1),(194,2),(293,1),(299,1)
890	261	293	1134	2	(22,1),(130,2)
896	262	160	921	0	
902	263	226	1083	4	(82,1),(300,2),(306,2),(325,2)
909	264	247	1098	10	(61,2),(244,2),(473,2),(594,1),(774,1),(977,1),(1086,2),(1304,1),(1316,1),(1542,2)
915	265	98	989	5	(20,1),(64,1),(161,1),(249,2),(335,1)
917	266	103	992	2	(35,1),(70,1)
921	267	127	1028	4	(13,1),(32,2),(120,1),(144,1)
923	268	224	1097	0	
924	269	271	1060	9	(257,1),(452,1),(607,2),(819,1),(915,1),(1052,2),(1259,1),(1504,1),(1571,2)
931	270	112	1003	0	
931	271	130	970	6	(69,2),(163,2),(172,1),(221,1),(322,2),(352,2)
933	272	82	942	4	(75,1),(152,1),(196,2),(259,1)
939	273	31	965	0	
940	274	63	996	4	(0,1),(19,2),(73,2),(85,1)
945	275	208	977	8	(170,1),(297,1),(309,2),(456,2),(470,2),(489,2),(575,1),(780,1)
949	276	188	995	5	(72,2),(219,1),(223,1),(235,1),(414,2)
956	277	12	963	2	(5,1),(8,2)
958	278	162	1077	6	(151,2),(246,2),(321,1),(400,1),(471,2),(528,2)
964	279	159	1112	9	(95,2),(127,2),(203,2),(206,1),(363,1),(491,1),(518,2),(529,1),(580,1)
970	280	17	982	5	(0,2),(5,1),(6,2),(16,1),(17,1)
971	281	159	993	3	(68,2),(165,1),(226,2)
971	282	214	1067	10	(199,2),(284,2),(478,2),(608,2),(663,1),(827,2),(907,1),(946,1),(1067,1),(1163,2)
978	283	118	1054	10	(92,1),(166,2),(174,2),(211,1),(321,1),(392,2),(415,1),(528,2),(610,1),(616,2)
982	284	15	995	3	(3,2),(16,2),(17,2)
985	285	284	1197	4	(277,1),(460,2),(557,1),(751,2)
992	286	268	1136	3	(128,1),(298,1),(464,1)
993	287	249	1176	9	(139,1),(279,1),(490,1),(696,1),(848,1),(1041,2),(1248,1),(1317,2),(1362,2)
993	288	243	1076	5	(229,2),(304,1),(392,2),(470,2),(574,1)
995	289	227	1070	10	(120,2),(313,2),(446,2),(577,2),(649,2),(832,1),(899,2),(967,2),(1043,1),(1081,2)
997	290	35	1013	2	(17,1),(28,1)
997	291	275	1107	2	(48,1),(122,2)
997	292	188	1183	7	(154,1),(287,2),(461,1),(487,1),(487,2),(504,2),(642,2)
998	293	92	1037	7	(27,2),(109,2),(186,2),(258,1),(292,2),(344,2),(430,1)
1003	294	206	1203	4	(110,2),(304,2),(343,2),(422,1)
1008	295	73	1075	5	(32,2),(43,1),(114,1),(119,1),(125,2)
1014	296	15	1022	1	(8,2)
1014	297	291	1272	7	(61,2),(61,1),(167,1),(359,2),(506,2),(686,1),(832,1)
1015	298	170	1166	3	(150,2),(287,2),(447,2)
1021	299	182	1153	5	(3,2),(125,1),(298,1),(415,1),(438,2)
1022	300	236	1186	7	(33,2),(108,1),(257,2),(275,1),(283,1),(283,1),(334,2)
1028	301	163	1073	4	(61,2),(133,1),(144,1),(215,1)
1028	302	50	1047	9	(1,1),(38,1),(39,1),(72,1),(121,1),(148,1),(164,2),(187,2),(192,2)
1035	303	251	1280	8	(129,2),(213,2),(464,2),(698,1),(929,1),(1075,2),(1282,2),(1418,2)
1035	304	103	1054	4	(58,2),(122,2),(156,1),(204,2)
1036	305	94	1081	2	(88,1),(182,2)
1042	306	249	1190	2	(221,2),(262,1)
1043	307	206	1061	9	(140,2),(255,2),(314,2),(316,2),(359,1),(359,2),(466,1),(577,1),(759,2)
1046	308	55	1055	3	(28,1),(71,2),(105,1)
1053	309	232	1091	2	(8,1),(172,1)
1055	310	46	1082	5	(9,2),(44,2),(48,1),(87,2),(110,2)
1061	311	219	1153	10	(110,1),(293,2),(343,1),(494,2),(565,2),(631,1),(728,2),(783,2),(914,1),(1087,2)
1067	312	110	1142	10	(81,1),(155,1),(244,1),(293,2),(397,2),(467,2),(549,1),(577,2),(681,1),(714,2)
1072	313	248	1151	9	(199,1),(213,1),(253,1),(382,1),(533,1),(568,1),(711,2),(862,2),(912,2)
1075	314	99	1098	10	(58,2),(82,2),(114,1),(121,2),(126,2),(177,2),(275,1),(352,1),(433,2),(515,1)
1080	315	206	1181	2	(82,1),(250,2)
1082	316	26	1095	1	(12,1)
1084	317	15	1098	0	
1088	318	65	1099	6	(58,2),(113,1),(126,1),(133,1),(197,2),(243,1)
1090	319	63	1128	8	(26,1),(56,1),(115,2),(136,2),(158,1),(198,1),(249,2),(269,2)
1094	320	260	1307	4	(256,1),(336,1),(527,1),(697,1)
1095	321	257	1258	8	(176,2),(247,2),(320,2),(385,2),(599,2),(846,1),(1043,2),(1176,1)
1097	322	114	1189	10	(44,2),(125,2),(197,2),(198,1),(234,2),(338,1),(437,2),(538,2),(630,1),(668,2)
1100	323	39	1106	1	(38,2)
1106	324	61	1154	2	(23,2),(71,1)
1109	325	181	1273	10	(22,1),(199,2),(327,1),(351,1),(450,2),(516,1),(567,2),(696,2),(828,2),(923,1)
1115	326	217	1187	9	(69,2),(93,1),(120,2),(337,2),(357,1),(465,2),(676,1),(883,2),(984,1)
1115	327	208	1211	10	(149,1),(268,2),(373,2),(539,2),(723,2),(760,2),(915,2),(945,2),(948,1),(1081,2)
1119	328	165	1261	3	(41,1),(119,2),(206,1)
1122	329	278	1358	0	
1129	330	224	1141	5	(189,2),(365,2),(367,2),(557,1),(625,2)
1133	331	293	1210	10	(222,2),(323,1),(452,1),(652,2),(699,2),(790,1),(1074,1),(1247,1),(1398,1),(1579,2)
1136	332	255	1307	8	(97,1),(167,2),(404,2),(465,1),(531,2),(608,1),(625,1),(789,1)
1142	333	158	1193	6	(109,2),(123,1),(212,1),(361,2),(472,2),(519,1)
1145	334	170	1190	0	
1149	335	292	1378	8	(210,2),(459,1),(716,1),(814,2),(1013,2),(1217,2),(1303,2),(1379,2)
1151	336	221	1200	7	(16,2),(213,2),(343,2),(525,1),(655,1),(862,1),(1082,2)
1154	337	74	1178	8	(46,1),(81,1),(126,1),(173,1),(185,1),(259,1),(329,1),(396,1)
1157	338	45	1194	5	(15,1),(60,2),(83,2),(84,2),(125,1)
1163	339	176	1252	7	(31,1),(196,2),(310,1),(365,1),(410,2),(448,2),(592,2)
1164	340	202	1245	7	(189,2),(369,2),(528,1),(645,2),(833,2),(893,1),(1095,2)
1167	341	297	1396	8	(73,2),(324,2),(351,2),(366,1),(380,2),(416,1),(558,2),(849,2)
1168	342	57	1175	10	(18,1),(67,2),(116,2),(127,2),(177,1),(224,1),(240,2),(277,1),(328,1),(370,1)
1168	343	191	1314	2	(86,2),(207,1)
1172	344	142	1197	9	(116,2),(198,2),(236,1),(348,2),(423,1),(449,2),(571,2),(621,2),(655,2)
1172	345	21	1180	6	(19,2),(29,2),(35,1),(37,2),(53,2),(65,1)
1176	346	160	1288	5	(61,2),(218,1),(348,2),(358,2),(470,1)
1180	347	84	1210	7	(49,2),(55,1),(96,2),(160,2),(168,1),(180,2),(180,2)
1185	348	268	1442	4	(138,1),(170,1),(244,1),(297,1)
1186	349	274	1197	4	(174,1),(399,1),(670,2),(889,2)
1190	350	32	1212	5	(30,1),(55,2),(69,1),(79,1),(92,2)
1195	351	170	1253	8	(132,1),(282,1),(362,1),(501,1),(544,1),(689,1),(698,2),(756,1)
1200	352	280	1323	8	(70,2),(271,1),(298,1),(309,1),(393,2),(534,2),(700,1),(760,2)
1207	353	198	1342	10	(169,2),(322,2),(400,2),(557,1),(648,1),(700,1),(799,2),(942,2),(972,1),(1066,1)
1207	354	226	1331	3	(106,1),(219,1),(226,1)
1210	355	23	1216	9	(13,2),(28,1),(34,2),(56,2),(79,1),(89,2),(110,1),(131,1),(131,2)
1212	356	195	1356	3	(123,2),(243,2),(331,2)
1217	357	10	1222	3	(8,1),(11,2),(11,2)
1222	358	167	1287	4	(0,2),(112,2),(213,1),(300,1)
1223	359	238	1344	3	(114,2),(116,2),(173,2)
1229	360	28	1236	10	(24,2),(32,2),(36,1),(38,1),(57,1),(58,1),(64,1),(64,2),(67,2),(67,2)
1234	361	12	1242	3	(1,1),(12,1),(14,1)
1234	362	186	1410	7	(82,2),(150,2),(273,2),(419,2),(461,2),(592,2),(613,2)
1235	363	249	1375	4	(89,2),(190,2),(328,1),(421,2)
1237	364	193	1374	7	(171,2),(246,2),(439,2),(607,1),(734,2),(844,2),(878,1)
1244	365	116	1340	2	(28,1),(37,1)
1245	366	281	1285	8	(46,1),(252,1),(262,1),(495,1),(632,2),(750,2),(1011,2),(1281,2)
1245	367	190	1390	0	
1245	368	270	1390	5	(114,1),(152,1),(169,1),(350,2),(453,1)
1250	369	195	1331	5	(187,1),(357,1),(491,1),(685,2),(809,1)
1256	370	42	1264	7	(1,1),(13,1),(55,2),(91,1),(104,1),(140,1),(143,1)
1257	371	54	1278	3	(33,2),(72,1),(78,2)
1260	372	229	1373	4	(83,1),(180,1),(238,2),(303,1)
1261	373	64	1281	5	(60,2),(108,1),(140,2),(151,2),(203,1)
1266	374	41	1286	4	(31,2),(36,2),(65,2),(72,2)
1267	375	208	1280	9	(26,1),(160,2),(173,2),(259,2),(294,1),(298,2),(439,2),(570,1),(730,1)
1274	376	166	1362	2	(89,1),(132,2)
1276	377	205	1285	2	(28,1),(52,2)
1279	378	218	1329	7	(141,1),(170,2),(221,2),(246,2),(368,1),(527,1),(567,2)
1281	379	299	1546	0	
1283	380	280	1445	2	(226,1),(393,1)
1287	381	248	1463	4	(219,1),(276,2),(407,2),(486,1)
1290	382	83	1299	9	(79,1),(81,1),(87,2),(130,1),(149,2),(218,1),(219,1),(291,1),(374,2)
1293	383	140	1423	2	(91,1),(158,2)
1298	384	196	1391	3	(125,1),(224,2),(238,1)
1302	385	149	1383	7	(76,1),(147,1),(281,2),(334,1),(383,1),(391,2),(459,2)
1303	386	174	1403	2	(25,2),(141,2)
1305	387	169	1395	6	(110,2),(271,1),(346,1),(399,1),(536,2),(654,1)
1307	388	91	1365	8	(70,1),(128,2),(182,1),(186,1),(273,2),(355,2),(360,2),(428,2)
1307	389	273	1508	10	(66,1),(112,2),(140,1),(200,1),(265,2),(344,2),(436,2),(668,2),(761,2),(1002,1)
1307	390	281	1434	7	(1,1),(199,2),(366,1),(609,2),(817,1),(852,1),(1116,1)
1313	391	181	1474	1	(32,2)
1320	392	159	1347	2	(156,1),(315,2)
1324	393	82	1355	4	(55,2),(122,2),(122,1),(174,1)
1324	394	236	1464	8	(140,2),(141,1),(305,2),(513,1),(707,2),(826,2),(897,1),(1080,1)
1325	395	254	1569	1	(162,2)
1332	396	190	1360	1	(84,2)
1335	397	149	1484	2	(61,2),(95,2)
1338	398	241	1495	6	(141,2),(343,1),(559,2),(789,1),(792,1),(884,2)
1344	399	281	1394	4	(258,2),(458,2),(562,2),(685,1)
1347	400	282	1456	6	(53,2),(124,1),(361,1),(367,2),(429,1),(493,1)
1352	401	56	1389	5	(12,2),(46,2),(98,1),(132,1),(137,2)
1355	402	129	1383	0	
1359	403	284	1598	1	(139,2)
1363	404	16	1371	2	(8,2),(24,2)
1367	405	105	1422	7	(85,1),(188,2),(207,1),(216,2),(227,1),(244,1),(335,2)
1367	406	285	1467	4	(200,1),(427,2),(613,2),(743,2)
1369	407	219	1446	6	(63,1),(77,1),(199,1),(297,1),(346,2),(375,2)
1375	408	291	1472	3	(65,2),(326,2),(475,2)
1379	409	40	1389	9	(17,1),(52,2),(92,1),(98,2),(115,1),(141,1),(143,1),(164,2),(190,1)
1385	410	163	1395	0	
1388	411	177	1544	6	(152,2),(230,2),(318,2),(422,2),(427,1),(461,1)
1394	412	144	1487	7	(67,1),(127,2),(231,2),(347,1),(447,2),(581,2),(655,2)
1397	413	145	1424	10	(25,2),(155,2),(201,2),(219,2),(361,1),(371,2),(469,2),(538,1),(559,2),(607,1)
1403	414	167	1503	3	(162,1),(269,1),(271,2)
1406	415	79	1417	8	(53,1),(105,1),(167,1),(246,1),(281,2),(348,2),(410,2),(439,2)
1411	416	133	1426	1	(121,1)
1412	417	118	1485	8	(55,2),(64,2),(73,1),(179,1),(292,1),(404,2),(454,2),(473,2)
1417	418	123	1469	8	(57,1),(172,1),(189,2),(199,2),(312,2),(315,1),(340,2),(387,1)
1421	419	13	1427	7	(13,1),(16,2),(19,2),(25,1),(34,1),(44,2),(46,2)
1424	420	152	1507	4	(119,1),(180,1),(315,1),(454,1)
1429	421	209	1468	8	(2,1),(84,1),(169,1),(341,2),(491,1),(518,1),(556,2),(684,1)
1432	422	204	1439	4	(47,2),(86,2),(187,1),(277,1)
1438	423	296	1704	4	(121,2),(148,1),(254,1),(326,1)
1443	424	144	1514	2	(22,2),(152,1)
1448	425	254	1532	2	(239,1),(481,1)
1451	426	28	1470	7	(10,1),(25,2),(43,1),(52,1),(66,1),(76,2),(89,2)
1457	427	199	1531	6	(194,1),(336,2),(501,2),(536,2),(729,1),(746,1)
1463	428	206	1486	3	(81,1),(277,1),(279,1)
1465	429	260	1636	7	(134,1),(331,1),(583,1),(793,1),(804,2),(992,1),(1216,2)
1467	430	293	1621	3	(261,2),(369,2),(416,1)
1467	431	203	1552	2	(167,2),(282,1)
1472	432	260	1700	0	
1477	433	113	1533	2	(69,1),(138,1)
1482	434	58	1534	6	(58,2),(79,1),(100,2),(146,2),(197,1),(227,1)
1489	435	216	1583	1	(101,2)
1489	436	66	1496	8	(37,2),(59,2),(106,2),(156,1),(198,1),(219,2),(279,2),(283,2)
1496	437	104	1586	8	(68,1),(161,2),(210,2),(213,2),(228,2),(299,1),(397,1),(424,1)
1501	438	296	1588	6	(171,2),(389,1),(549,1),(707,2),(909,2),(960,2)
1501	439	103	1529	2	(71,2),(154,1)
1508	440	230	1648	8	(190,1),(377,1),(496,1),(516,2),(645,1),(710,1),(916,2),(925,1)
1509	441	33	1536	5	(1,1),(1,1),(19,1),(50,2),(55,2)
1516	442	25	1541	8	(8,2),(14,1),(26,2),(35,2),(45,2),(59,2),(76,2),(101,1)
1521	443	91	1544	7	(64,1),(80,2),(124,2),(132,1),(212,2),(298,2),(355,1)
1524	444	133	1630	5	(96,2),(219,1),(331,1),(398,1),(449,2)
1524	445	131	1531	2	(106,1),(201,2)
1529	446	44	1555	3	(32,2),(76,2),(88,1)
1529	447	154	1664	10	(71,1),(90,1),(119,2),(184,1),(285,1),(307,1),(374,1),(405,1),(545,2),(640,1)
1532	448	169	1597	7	(74,2),(229,1),(278,2),(318,1),(441,1),(585,1),(643,1)
1539	449	215	1587	7	(206,2),(384,1),(514,2),(557,2),(723,2),(870,2),(930,2)
1543	450	273	1729	2	(53,1),(242,1)
1550	451	133	1620	5	(126,2),(166,1),(217,1),(257,1),(340,2)
1557	452	187	1623	5	(79,1),(115,2),(223,1),(246,2),(375,1)
1558	453	18	1576	0	
1558	454	58	1608	1	(25,2)
1563	455	285	1598	0	
1569	456	41	1610	7	(31,1),(63,2),(90,1),(98,2),(114,1),(131,2),(158,2)
1573	457	48	1587	10	(14,2),(50,2),(89,1),(113,1),(130,1),(153,1),(161,1),(180,1),(197,2),(211,1)
1574	458	60	1624	9	(29,1),(71,1),(107,1),(128,2),(187,1),(209,1),(257,2),(307,2),(367,1)
1574	459	93	1590	4	(30,1),(89,2),(137,1),(190,2)
1575	460	98	1618	1	(91,1)
1580	461	41	1595	2	(12,2),(19,2)
1580	462	59	1613	6	(47,1),(105,1),(135,1),(178,2),(214,2),(265,1)
1585	463	15	1590	4	(10,2),(15,1),(25,1),(37,2)
1591	464	186	1636	10	(57,1),(74,2),(112,2),(143,1),(273,1),(365,1),(453,1),(563,1),(600,1),(672,1)
1596	465	204	1645	0	
1599	466	86	1648	7	(70,1),(84,2),(100,1),(152,1),(206,2),(282,1),(307,1)
1600	467	91	1648	0	
1603	468	89	1688	1	(45,2)
1603	469	76	1676	1	(27,2)
1605	470	116	1632	4	(50,1),(68,1),(124,1),(154,2)
1609	471	50	1621	6	(5,2),(8,2),(45,1),(65,2),(68,1),(118,2)
1613	472	259	1773	10	(24,2),(179,1),(361,1),(597,1),(642,1),(784,2),(818,1),(992,2),(1085,1),(1334,2)
1617	473	129	1738	2	(97,1),(223,1)
1624	474	125	1711	7	(13,2),(42,1),(139,1),(200,2),(271,2),(307,2),(368,1)
1626	475	70	1675	9	(35,1),(84,1),(89,2),(99,1),(158,1),(198,2),(242,1),(296,1),(317,2)
1630	476	254	1718	3	(167,1),(273,2),(332,1)
1635	477	52	1659	6	(6,1),(50,2),(93,1),(115,2),(164,1),(165,2)
1642	478	244	1727	1	(213,2)
1645	479	178	1658	3	(24,1),(148,1),(209,1)
1649	480	179	1797	3	(106,1),(242,1),(414,2)
1651	481	49	1663	3	(12,2),(53,1),(102,2)
1657	482	73	1688	9	(5,1),(60,2),(108,1),(131,2),(172,2),(235,2),(286,1),(348,1),(408,1)
1660	483	254	1722	3	(242,2),(462,1),(485,2)
1661	484	260	1760	3	(66,1),(126,2),(356,1)
1668	485	255	1834	10	(237,2),(434,2),(478,2),(651,1),(656,1),(835,2),(925,2),(1077,2),(1175,2),(1372,2)
1668	486	181	1768	0	
1673	487	39	1699	6	(24,1),(53,1),(86,1),(92,1),(118,1),(136,1)
1673	488	193	1775	0	
1678	489	199	1762	7	(162,1),(225,2),(305,2),(466,2),(581,1),(608,1),(729,1)
1685	490	173	1724	0	
1685	491	38	1707	7	(4,1),(10,2),(34,1),(63,1),(72,1),(84,1),(114,2)
1692	492	289	1747	3	(274,2),(375,2),(375,1)
1692	493	191	1798	2	(47,2),(47,2)
1696	494	66	1730	3	(40,1),(105,2),(144,1)
1697	495	74	1768	3	(69,2),(133,2),(192,2)
1700	496	130	1729	6	(110,2),(203,1),(240,2),(247,1),(368,2),(445,2)
1706	497	291	1932	6	(143,1),(183,2),(200,1),(300,2),(406,1),(493,2)
1710	498	230	1746	6	(179,2),(267,2),(328,2),(508,1),(735,2),(836,1)
1715	499	24	1722	8	(1,2),(19,2),(36,2),(43,1),(59,2),(70,1),(89,2),(113,1)
1718	500	271	1923	3	(240,1),(419,1),(488,2)
119	477
231	486
326	17
485	335
556	84
592	439
603	28
745	473
898	19
1041	101
1149	389
1251	65
1261	394
1351	59
1468	459
1488	164
1632	118
1638	131
